1000
-814
-821
-423
-879
-380
-114
577
-120
-215
364
-992
-196
332
-845
804
55
709
-94
399
-744
-30
-927
-428
-890
-621
891
146
750
662
-399
479
496
-572
704
265
48
-762
-158
576
-329
-795
584
474
185
739
278
-760
95
832
287
351
-198
7
571
-440
386
110
354
-216
-228
955
911
-732
-969
263
180
-273
148
-978
-698
819
875
886
293
59
272
-781
-53
-985
-949
-767
14
-499
-112
-415
-292
922
342
-938
-647
-886
664
-736
-971
695
174
-143
-579
-678
-121
-277
-859
-247
-743
81
460
177
300
-593
192
350
-712
-794
851
176
-562
-441
-255
780
-732
98
542
932
10
219
275
-816
-924
344
-846
-398
-933
-706
355
971
375
-185
-204
-677
-130
987
673
157
841
171
981
-721
730
-274
707
646
824
248
578
-167
-885
-500
17
-810
844
-182
-208
558
112
795
529
-865
-742
-675
-542
128
960
778
933
800
-51
913
727
-673
-361
433
972
-538
-671
198
295
-556
698
960
-718
541
-222
74
99
538
-483
-724
321
-577
-751
426
550
856
204
131
304
801
44
31
776
682
-888
748
792
-911
-407
-265
-468
-709
-657
-538
480
-232
535
-773
954
700
-849
274
-878
-953
-652
320
903
200
-549
-145
1
142
534
-223
-176
645
-828
-384
382
-235
-1
914
-296
342
-977
831
-890
558
706
-937
-94
504
-15
28
551
333
996
102
-467
-906
957
182
236
491
607
-940
-216
427
-676
-835
-808
-29
727
-457
-687
750
-978
-930
-44
376
-867
861
-120
-234
-463
-569
-901
-820
533
-720
-726
490
110
510
-372
-283
218
412
-857
542
577
983
-839
303
-826
-526
-299
844
-456
656
219
-675
517
-901
-261
702
-471
-162
882
710
-234
-844
-153
876
666
475
-760
-116
-465
-617
-926
-889
-986
-765
62
835
-644
763
679
-452
419
-102
-480
-416
-4
259
933
173
744
815
-469
-490
970
26
-967
284
-851
-727
815
-317
-696
537
-558
-682
419
152
801
775
-85
479
-677
981
-623
-157
-787
21
749
-854
842
493
960
-980
-997
578
46
684
-490
194
957
973
525
909
509
967
874
-72
119
675
-297
682
154
-326
311
178
164
523
-801
-87
317
688
-594
277
708
-943
-497
-598
740
-340
244
345
-367
-231
253
-858
-264
127
-282
503
-198
69
184
603
742
-505
-219
-446
-982
-372
115
334
-684
521
-741
672
226
-591
721
-386
-283
-35
958
350
733
-141
139
-883
986
857
619
-564
-427
-197
-961
-685
298
-180
-483
-37
447
632
945
411
-199
852
-270
-973
909
-901
-712
-374
64
-754
975
-555
105
-238
-439
-261
-733
-820
175
-160
-369
213
-197
577
681
320
-812
-224
-400
-867
834
401
632
-788
75
541
-689
363
814
375
609
789
467
-638
-801
-972
101
-534
856
924
305
-513
-215
-892
712
-535
75
899
-111
675
680
-277
75
312
-65
-850
-500
246
161
-686
-732
-582
751
735
-220
950
411
529
-936
-85
453
17
402
-763
124
-238
-650
847
-339
239
522
-660
609
-755
300
-808
-957
448
85
204
762
1
622
161
-616
-950
-241
795
227
-178
-290
-321
839
760
-436
-389
-478
-438
-542
-170
449
627
170
-294
872
-882
-103
914
565
630
118
-25
-369
-613
-865
15
-563
-458
-542
663
364
168
990
-150
-424
-798
109
98
-588
566
576
861
193
-254
-434
-287
-489
111
-373
724
-259
744
-301
372
-869
-518
-965
-784
-329
-507
527
-965
661
517
-467
885
367
641
-369
779
-145
-794
287
696
-400
501
-591
111
-388
-317
-517
1
-573
181
-627
-794
311
-592
-930
982
-99
596
664
-790
-239
845
-905
-873
134
-274
554
637
-68
-159
333
179
-658
389
-710
-398
720
-228
603
-853
601
624
-999
-440
-968
-929
-811
-419
315
853
-561
723
346
-818
498
-521
-445
52
-884
135
540
96
-686
882
-867
-397
-869
853
23
734
648
-728
357
297
-168
37
16
21
265
-670
-478
352
-947
867
533
551
-654
-912
-749
-890
-129
791
-146
184
320
-13
435
99
-160
-894
-167
-864
-622
838
433
210
-126
-552
878
787
-574
-600
139
-521
915
-328
678
909
-592
577
-982
278
15
-128
-890
983
506
545
82
994
651
915
-871
-971
752
562
-113
-726
658
-587
-939
-916
-188
-152
-789
-625
519
537
-717
575
113
949
-499
-872
-179
-389
759
975
-844
-159
968
455
-596
-903
132
-844
307
666
-922
-388
-921
787
-304
-109
-366
-446
-87
801
-909
196
24
-148
145
524
-372
614
783
-613
588
586
228
204
41
631
-51
820
435
-744
486
160
-132
565
-53
211
-897
229
765
16
-322
856
860
701
-293
-347
-127
335
-733
-344
721
503
-758
-403
-645
-70
-772
304
-250
662
559
-764
-530
-925
449
417
-66
552
-707
-301
-784
-29
-798
-924
-680
-443
-271
-159
540
-357
496
261
-854
386
505
-500
964
733
804
-286
43
11
-402
513
-267
-954
-423
667
598
-482
-987
813
137
-785
537
456
-228
-735
-703
-688
-92
441
220
-298
-526
-627
202
-562
754
-347
-201
-204
312
397
957
693
443
-818
7
-312
-300
20
-851
836
-117
686
-60
303
599
-115
263
-493
973
-517
208
-553
-496
-942
-467
-743
-641
332
53
318
-272
-342
11
819
-513
-982
-845
-165
-314
952
-329
569
285
259
-128
